0.02426058986773683
-0.10836182783601603
-0.350984982882813
-0.6992311728262643
-0.9552718233022285
-1.0653793583790108
-1.0896730978137323
-1.090675053553087
-1.091415308583206
-1.0918643512720483
-1.0920042797046454
-1.0920042797046454
-1.0920042797046454
-1.0920042797046454
-1.0920042797046454
-1.0920042797046454
-1.0920042797046454
-1.0920042797046454
-1.0920042797046454
-1.0920042797046454
-1.0920042797046454
-1.0920042797046454
-1.0920042797046454
-1.0920042797046454
-1.0920042797046454
-1.0920042797046454
-1.0920042797046454
-1.0920042797046454
-1.0920042797046454
-1.0920042797046454
-1.0920042797046454
-1.0920042797046454
-1.0920042797046454
-1.0920042797046454
-1.0920042797046454
-1.0920042797046454
-1.0920042797046454
-1.0920042797046454
-1.0920042797046454
-1.0920042797046454
-1.0920042797046454
-1.0920042797046454
-1.0920042797046454
-1.0920042797046454
-1.0920042797046454
-1.0920042797046454
-1.0920042797046454
-1.0920042797046454
-1.0920042797046454
-1.0920042797046454
-1.0920042797046454
-1.0920042797046454
-1.0920042797046454
-1.0920042797046454
-1.0920042797046454
-1.0920042797046454
-1.0920042797046454
-1.0920042797046454
-1.0920042797046454
-1.0920042797046454
