0.3358948451995877
0.2988678895839293
0.2885054365076002
0.2885054365076002
0.2885054365076002
0.19015374402428506
0.19015374402428506
0.12385515098309487
0.0698031137658036
0.030010484376471167
0.030010484376471167
-0.22681694528395221
-0.48902446971010166
-0.6070261260879503
-0.6070261260879503
-0.733944528160226
-0.733944528160226
-0.733944528160226
-0.733944528160226
-1.0186773085565002
-1.130921658454918
-1.130921658454918
-1.1486769326016186
-1.1486769326016186
-1.2458329188645605
-1.3221307831001186
-1.3221307831001186
-1.3221307831001186
-1.3221307831001186
-1.3221307831001186
-1.3413603114257444
-1.3413603114257444
-1.3413603114257444
-1.3413603114257444
-1.3413603114257444
-1.3413603114257444
-1.3413603114257444
-1.3492094246313129
-1.3492094246313129
-1.3492094246313129
-1.3492094246313129
-1.3845246162292573
-1.3845246162292573
-1.4017078442431667
-1.4115665657293452
-1.4115665657293452
-1.4249601436109782
-1.4249601436109782
-1.4249601436109782
-1.4249601436109782
