-0.1196946021553227
-0.6103123820505898
-0.9969615165998611
-1.2748297113433404
-1.5507765771322746
-1.8255113705421007
-2.139397211729642
-2.467716046891892
-2.724063853295953
-2.892979530348547
-3.0085378506060643
-3.060513358675819
-3.0711353677252378
-3.0711353677252378
-3.0711353677252378
-3.0711353677252378
-3.0711353677252378
-3.0711353677252378
-3.0711353677252378
-3.0711353677252378
-3.0711353677252378
-3.0711353677252378
-3.0711353677252378
-3.0711353677252378
-3.0711353677252378
-3.0711353677252378
-3.0711353677252378
-3.0711353677252378
-3.0711353677252378
-3.0711353677252378
-3.0711353677252378
-3.0711353677252378
-3.0711353677252378
-3.0711353677252378
-3.0711353677252378
-3.0711353677252378
-3.0711353677252378
-3.0711353677252378
-3.0711353677252378
-3.0711353677252378
-3.0711353677252378
-3.0711353677252378
-3.0711353677252378
-3.0711353677252378
-3.0711353677252378
-3.0711353677252378
-3.0711353677252378
-3.0711353677252378
-3.0711353677252378
-3.0711353677252378
